    1      0.44928150E+04      0.13845073E+02      0.44928150E+04      0.13845073E+02
    2      0.45075099E+04      0.44742124E+01      0.45061285E+04      0.42517964E+01
    3      0.45065884E+04      0.22525877E+01      0.45064878E+04      0.19892236E+01
    4      0.45096243E+04      0.18364381E+01      0.45081837E+04      0.13487077E+01
    5      0.45101398E+04      0.15553961E+01      0.45090245E+04      0.10186664E+01
    6      0.45100702E+04      0.13488151E+01      0.45094048E+04      0.81271996E+00
    7      0.45082141E+04      0.12902242E+01      0.45090664E+04      0.68761967E+00
    8      0.45111374E+04      0.13370471E+01      0.45095003E+04      0.61143882E+00
    9      0.45096235E+04      0.12931900E+01      0.45095228E+04      0.55274338E+00
   10      0.45081154E+04      0.12898880E+01      0.45093044E+04      0.50805567E+00
    1      0.45100092E+04      0.11695397E+00      0.45100092E+04      0.11695397E+00
    2      0.45097102E+04      0.11016897E+00      0.45098508E+04      0.80192805E-01
    3      0.45098586E+04      0.10695787E+00      0.45098536E+04      0.64161614E-01
    4      0.45101954E+04      0.10626171E+00      0.45099449E+04      0.54925583E-01
    5      0.45100061E+04      0.10551371E+00      0.45099580E+04      0.48719839E-01
